{
 "cells": [
  {
   "cell_type": "code",
   "execution_count": 18,
   "metadata": {},
   "outputs": [
    {
     "name": "stdout",
     "output_type": "stream",
     "text": [
      "[[-0.05]\n",
      " [-1.  ]\n",
      " [ 0.25]]\n",
      "[[ 0.17364818 -0.98480775  0.          1.28557522]\n",
      " [ 0.98480775  0.17364818  0.         -1.53208889]\n",
      " [ 0.          0.          1.          0.        ]\n",
      " [ 0.          0.          0.          1.        ]]\n"
     ]
    }
   ],
   "source": [
    "from scipy.spatial.transform import Rotation as R\n",
    "import numpy as np\n",
    "\n",
    "r = R.from_euler('zyx', [\n",
    "[40, 0, 0],\n",
    "[-40, 0, 0],\n",
    "[0, 0, 0]],degrees=True)\n",
    "r=r.as_matrix()\n",
    "print(np.array([[-0.05],[-1],[0.25]]))\n",
    "# T_12=np.concatenate(r[0],np.array([[-0.05],[-1],[0.25]]))\n",
    "# T_12=list(r[0]).append([[-0.05],[-1],[0.25]])\n",
    "# print(T_12)\n",
    "# T= [9np.identity(4)  [np.hstack((r[0], [[-0.05],[-1],[0.25]])),[0, 0, 0, 1]]]\n",
    "T_01 = np.identity((4))\n",
    "T_01[:3,:3] = np.copy(r[0])\n",
    "T_01[:3,3] = np.copy(np.array([[-0.05],[-1],[0.25]]).T)\n",
    "\n",
    "T_02 = np.identity((4))\n",
    "T_02[:3,:3] = np.copy(r[1])\n",
    "T_02[:3,3] = np.copy(np.array([[-0.05],[1],[0.25]]).T)\n",
    "\n",
    "T_03 = np.identity((4))\n",
    "T_03[:3,:3] = np.copy(r[2])\n",
    "T_03[:3,3] = np.copy(np.array([[-0.02],[0],[0.05]]).T)\n",
    "\n",
    "T_10=np.linalg.inv(T_01);\n",
    "T_20=np.linalg.inv(T_02);\n",
    "T_30=np.linalg.inv(T_03);\n",
    "T_21=np.dot(np.linalg.inv(T_02),T_01);\n",
    "T_31=np.dot(np.linalg.inv(T_03),T_01);\n",
    "T_12=np.linalg.inv(T_21);\n",
    "T_23=np.dot(np.linalg.inv(T_02),T_03);\n",
    "T_13=np.linalg.inv(T_31);\n",
    "T_32=np.linalg.inv(T_23);\n",
    "\n",
    "# T_12 = np.identity((4))\n",
    "# T_12[:3,:3] = np.copy(r[3])\n",
    "# T_12[:3,3] = np.copy(np.array([[-2],[0],[0]]).T)\n",
    "\n",
    "# T_13 = np.identity((4))\n",
    "# T_13[:3,:3] = np.copy(r[4])\n",
    "# T_13[:3,3] = np.copy(np.array([[-1],[-0.03],[0.25]]).T)\n",
    "\n",
    "# T_23 = np.identity((4))\n",
    "# T_23[:3,:3] = np.copy(r[5])\n",
    "# T_23[:3,3] = np.copy(np.array([[1],[-0.03],[0.25]]).T)\n",
    "\n",
    "\n",
    "# T_10 = np.identity((4))\n",
    "# T_10[:3,:3] = np.copy(r[6])\n",
    "# T_10[:3,3] = np.copy(np.array([[0.05],[1],[-0.25]]).T)\n",
    "\n",
    "# T_20 = np.identity((4))\n",
    "# T_20[:3,:3] = np.copy(r[7])\n",
    "# T_20[:3,3] = np.copy(np.array([[0.05],[-1],[-0.25]]).T)\n",
    "\n",
    "# T_21 = np.identity((4))\n",
    "# T_21[:3,:3] = np.copy(r[8])\n",
    "# T_21[:3,3] = np.copy(np.array([[2],[0],[0]]).T)\n",
    "\n",
    "# T_30 = np.identity((4))\n",
    "# T_30[:3,:3] = np.copy(r[9])\n",
    "# T_30[:3,3] = np.copy(np.array([[0.02],[0],[-0.5]]).T)\n",
    "\n",
    "# T_31 = np.identity((4))\n",
    "# T_31[:3,:3] = np.copy(r[10])\n",
    "# T_31[:3,3] = np.copy(np.array([[1],[0.03],[-0.025]]).T)\n",
    "\n",
    "# T_32 = np.identity((4))\n",
    "# T_32[:3,:3] = np.copy(r[11])\n",
    "# T_32[:3,3] = np.copy(np.array([[-1],[0.03],[0.25]]).T)\n",
    "\n",
    "\n",
    "T=[[np.identity(4) ,T_01, T_02 ,T_03] , [T_10, np.identity(4), T_12, T_13], [T_20 ,T_21 ,np.identity(4), T_23],[T_30 ,T_31, T_32 ,np.identity(4)]]\n",
    "\n",
    "\n",
    "print(T_21)"
   ]
  },
  {
   "cell_type": "code",
   "execution_count": null,
   "metadata": {},
   "outputs": [],
   "source": []
  },
  {
   "cell_type": "code",
   "execution_count": null,
   "metadata": {},
   "outputs": [],
   "source": []
  },
  {
   "cell_type": "code",
   "execution_count": 19,
   "metadata": {},
   "outputs": [],
   "source": [
    "def transformation(points, rotation_matrix):\n",
    "    new_points= np.empty([points.shape[0], 3])\n",
    "    for n in range(0,points.shape[0]):\n",
    "        point=np.array([points[n,0],points[n,1],points[n,2],1])\n",
    "        new_points[n,:]=rotation_matrix[:3,:]@point\n",
    "    return new_points\n",
    "\n",
    "\n",
    "def best_fit_transform(A, B):\n",
    "    assert A.shape == B.shape\n",
    "\n",
    "    # get number of dimensions\n",
    "    m = A.shape[1]\n",
    "\n",
    "    # translate points to their centroids\n",
    "    centroid_A = np.mean(A, axis=0)\n",
    "    centroid_B = np.mean(B, axis=0)\n",
    "    AA = A - centroid_A\n",
    "    BB = B - centroid_B\n",
    "\n",
    "    # rotation matrix\n",
    "    H = np.dot(AA.T, BB)\n",
    "    U, S, Vt = np.linalg.svd(H)\n",
    "    R = np.dot(Vt.T, U.T)\n",
    "\n",
    "    # special reflection case\n",
    "    if np.linalg.det(R) < 0:\n",
    "       Vt[m-1,:] *= -1\n",
    "       R = np.dot(Vt.T, U.T)\n",
    "\n",
    "    # translation\n",
    "    t = centroid_B.T - np.dot(R,centroid_A.T)\n",
    "\n",
    "    # homogeneous transformation\n",
    "    T = np.identity(m+1)\n",
    "    T[:m, :m] = R\n",
    "    T[:m, m] = t\n",
    "\n",
    "    return T, R, t\n",
    "\n",
    "def nearest_neighbor(src, dst):\n",
    "    assert src.shape == dst.shape\n",
    "\n",
    "    neigh = NearestNeighbors(n_neighbors=1)\n",
    "    neigh.fit(dst)\n",
    "    distances, indices = neigh.kneighbors(src, return_distance=True)\n",
    "    return distances.ravel(), indices.ravel()\n",
    "\n",
    "\n",
    "def icp(A, B, init_pose=None, max_iterations=1000, tolerance=0.0001):\n",
    "    assert A.shape == B.shape\n",
    "\n",
    "    # get number of dimensions\n",
    "    m = A.shape[1]\n",
    "\n",
    "    # make points homogeneous, copy them to maintain the originals\n",
    "    src = np.ones((m+1,A.shape[0]))\n",
    "    dst = np.ones((m+1,B.shape[0]))\n",
    "    src[:m,:] = np.copy(A.T)\n",
    "    dst[:m,:] = np.copy(B.T)\n",
    "\n",
    "    # apply the initial pose estimation\n",
    "    if init_pose is not None:\n",
    "        src = np.dot(init_pose, src)\n",
    "\n",
    "    prev_error = 0\n",
    "\n",
    "    for i in range(max_iterations):\n",
    "        # find the nearest neighbors between the current source and destination points\n",
    "        distances, indices = nearest_neighbor(src[:m,:].T, dst[:m,:].T)\n",
    "\n",
    "        # compute the transformation between the current source and nearest destination points\n",
    "        T,_,_ = best_fit_transform(src[:m,:].T, dst[:m,indices].T)\n",
    "\n",
    "        # update the current source\n",
    "        src = np.dot(T, src)\n",
    "\n",
    "        # check error\n",
    "        mean_error = np.mean(distances)\n",
    "        if np.abs(prev_error - mean_error) < tolerance:\n",
    "            break\n",
    "        prev_error = mean_error\n",
    "\n",
    "    # calculate final transformation\n",
    "    T,_,_ = best_fit_transform(A, src[:m,:].T)\n",
    "\n",
    "    return T, distances, i"
   ]
  },
  {
   "cell_type": "code",
   "execution_count": 20,
   "metadata": {},
   "outputs": [
    {
     "data": {
      "text/plain": [
       "array([[1, 4],\n",
       "       [2, 4],\n",
       "       [3, 4],\n",
       "       [5, 4]])"
      ]
     },
     "execution_count": 20,
     "metadata": {},
     "output_type": "execute_result"
    }
   ],
   "source": [
    "from itertools import permutations         \n",
    "        \n",
    "def GetSensorPathSequences(*args):\n",
    "    # N - number of sensors\n",
    "    # L - path length (1 to N-1)\n",
    "    # T - target sensor (1 to N-1)\n",
    "    n_arg= len(args)\n",
    "    if n_arg==3:\n",
    "        N=args[0]\n",
    "        L=args[1]\n",
    "        T=args[2]\n",
    "    elif n_arg<3:\n",
    "        N=args[0]\n",
    "        L=args[1]\n",
    "        T=3\n",
    "    elif n_arg<2:\n",
    "        N=args[0]\n",
    "        L=2\n",
    "    elif n_arg<1:\n",
    "        N=5\n",
    "    seqs=list(permutations(range(1,N)))\n",
    "    zeros=list(np.zeros(len(seqs[0]),int))\n",
    "    zeros=tuple(zeros)\n",
    "    seqs=[zeros]+seqs\n",
    "    seqs=np.array(seqs)\n",
    "    matches=[]\n",
    "    for x in seqs:\n",
    "        if x[L-1]==T:\n",
    "            matches.append((x[:L]))\n",
    "    matches = np.unique(matches, axis=0)\n",
    "#     print(matches)\n",
    "    return matches\n",
    "    \n",
    "\n",
    "    \n",
    "GetSensorPathSequences(6,2,4)"
   ]
  },
  {
   "cell_type": "code",
   "execution_count": 97,
   "metadata": {},
   "outputs": [],
   "source": [
    "def DerivedTransformation(tT,n,m,k,L,N):\n",
    "#     print(tT)\n",
    "    if n!=0:\n",
    "        return -1\n",
    "    k_min=2\n",
    "#     k_max=1\n",
    "#     if L!=0:\n",
    "#         if L==2:\n",
    "#             k_min=1\n",
    "#             k_max=(N-2)-1\n",
    "#         elif L==3:\n",
    "#             k_min=N-2\n",
    "#             K_max=(N-2)*(N-3)-1\n",
    "#         else:\n",
    "#             for r in range(2,L):\n",
    "#                 k_min=k_min*(N-r)\n",
    "#             for r in range(2,L+1):\n",
    "#                 print(r)\n",
    "#                 k_max=k_max*(N-r)\n",
    "#             k_max=k_max-1\n",
    "#     print(\"kmin:\",k_min, \"kmax:\", k_max)\n",
    "#     if k >= k_min and k<=N-2 :\n",
    "    seqs=GetSensorPathSequences(N,L,m)\n",
    "#     else:\n",
    "#         return -1\n",
    "    idx=k-k_min\n",
    "    seqk=seqs[idx]\n",
    "    seqk=[0,*seqk]\n",
    "#     print(k,seqk, len(seqk))\n",
    "    T=np.identity(4)\n",
    "    for t in range(0,len(seqk)-1):\n",
    "        T=np.dot(T,tT[seqk[t]][seqk[t+1]])\n",
    "    Tp=T\n",
    "    print(\"seq:\",seqk,\"\\n tT[0][seqk[0]]:\\n\",tT[0][seqk[0]],\"\\ntT[seqk[0]][seqk[1]]:\\n\" ,tT[seqk[0]][seqk[1]], \"\\nTp:\\n\",Tp)\n",
    "#     print(Tp)\n",
    "    return Tp\n",
    "    \n",
    "    "
   ]
  },
  {
   "cell_type": "code",
   "execution_count": 98,
   "metadata": {},
   "outputs": [],
   "source": [
    "def DerivedTransformationSimples(tT,m,k,N):\n",
    "    if k>=1 and k<=N-2:\n",
    "        seqs=GetSensorPathSequences(N,2,m)\n",
    "    else:\n",
    "        return -1\n",
    "    seqk=seqs[k-1]\n",
    "    Tp=np.dot(tT[0][seqk[0]],tT[seqk[0]][seqk[1]])\n",
    "    print(\"seq:\",seqk,\"\\n tT[0][seqk[0]]:\\n\",tT[0][seqk[0]],\"\\ntT[seqk[0]][seqk[1]]:\\n\" ,tT[seqk[0]][seqk[1]], \"\\nTp:\\n\",Tp)\n",
    "    return Tp"
   ]
  },
  {
   "cell_type": "code",
   "execution_count": 99,
   "metadata": {},
   "outputs": [],
   "source": [
    "def MeanTransformation(Tp):\n",
    "    k=3\n",
    "    tt=np.zeros([1,3],dtype=np.float64)\n",
    "    Tt=np.zeros([3,3],dtype=np.float64)\n",
    "    for i in range(0,k):\n",
    "        Tt+=np.array(Tp[i][:3,:3])\n",
    "        tt+=np.array(Tp[i][:3,3]).T\n",
    "#     print(Tt,tt)\n",
    "    \n",
    "    t_average=1/k*tt\n",
    "    u,s,vh=np.linalg.svd(Tt)\n",
    "    R_average=np.dot(u, vh)\n",
    "\n",
    "    T_average = np.identity(4)\n",
    "    T_average[:3, :3] = R_average\n",
    "    T_average[:3, 3] = t_average\n",
    "    \n",
    "    return T_average"
   ]
  },
  {
   "cell_type": "code",
   "execution_count": 100,
   "metadata": {},
   "outputs": [
    {
     "name": "stdout",
     "output_type": "stream",
     "text": [
      "[[ 0.76604444 -0.64278761  0.         -0.05      ]\n",
      " [ 0.64278761  0.76604444  0.         -1.        ]\n",
      " [ 0.          0.          1.          0.25      ]\n",
      " [ 0.          0.          0.          1.        ]]\n",
      "1\n",
      "seq: [2 1] \n",
      " tT[0][seqk[0]]:\n",
      " [[ 0.76604444  0.64278761  0.         -0.05      ]\n",
      " [-0.64278761  0.76604444 -0.          1.        ]\n",
      " [-0.          0.          1.          0.25      ]\n",
      " [ 0.          0.          0.          1.        ]] \n",
      "tT[seqk[0]][seqk[1]]:\n",
      " [[ 0.17364818 -0.98480775  0.          1.28557522]\n",
      " [ 0.98480775  0.17364818  0.         -1.53208889]\n",
      " [ 0.          0.          1.          0.        ]\n",
      " [ 0.          0.          0.          1.        ]] \n",
      "Tp:\n",
      " [[ 0.76604444 -0.64278761  0.         -0.05      ]\n",
      " [ 0.64278761  0.76604444  0.         -1.        ]\n",
      " [ 0.          0.          1.          0.25      ]\n",
      " [ 0.          0.          0.          1.        ]]\n",
      "seq: [0, 3, 2, 1] \n",
      " tT[0][seqk[0]]:\n",
      " [[1. 0. 0. 0.]\n",
      " [0. 1. 0. 0.]\n",
      " [0. 0. 1. 0.]\n",
      " [0. 0. 0. 1.]] \n",
      "tT[seqk[0]][seqk[1]]:\n",
      " [[ 1.    0.    0.   -0.02]\n",
      " [ 0.    1.    0.    0.  ]\n",
      " [ 0.    0.    1.    0.05]\n",
      " [ 0.    0.    0.    1.  ]] \n",
      "Tp:\n",
      " [[ 0.76604444 -0.64278761  0.         -0.05      ]\n",
      " [ 0.64278761  0.76604444  0.         -1.        ]\n",
      " [ 0.          0.          1.          0.25      ]\n",
      " [ 0.          0.          0.          1.        ]]\n",
      "2\n",
      "seq: [3 1] \n",
      " tT[0][seqk[0]]:\n",
      " [[ 1.    0.    0.   -0.02]\n",
      " [ 0.    1.    0.    0.  ]\n",
      " [ 0.    0.    1.    0.05]\n",
      " [ 0.    0.    0.    1.  ]] \n",
      "tT[seqk[0]][seqk[1]]:\n",
      " [[ 0.76604444 -0.64278761  0.         -0.03      ]\n",
      " [ 0.64278761  0.76604444  0.         -1.        ]\n",
      " [ 0.          0.          1.          0.2       ]\n",
      " [ 0.          0.          0.          1.        ]] \n",
      "Tp:\n",
      " [[ 0.76604444 -0.64278761  0.         -0.05      ]\n",
      " [ 0.64278761  0.76604444  0.         -1.        ]\n",
      " [ 0.          0.          1.          0.25      ]\n",
      " [ 0.          0.          0.          1.        ]]\n",
      "seq: [0, 2, 3, 1] \n",
      " tT[0][seqk[0]]:\n",
      " [[1. 0. 0. 0.]\n",
      " [0. 1. 0. 0.]\n",
      " [0. 0. 1. 0.]\n",
      " [0. 0. 0. 1.]] \n",
      "tT[seqk[0]][seqk[1]]:\n",
      " [[ 0.76604444  0.64278761  0.         -0.05      ]\n",
      " [-0.64278761  0.76604444 -0.          1.        ]\n",
      " [-0.          0.          1.          0.25      ]\n",
      " [ 0.          0.          0.          1.        ]] \n",
      "Tp:\n",
      " [[ 0.76604444 -0.64278761  0.         -0.05      ]\n",
      " [ 0.64278761  0.76604444  0.         -1.        ]\n",
      " [ 0.          0.          1.          0.25      ]\n",
      " [ 0.          0.          0.          1.        ]]\n",
      "[array([[ 0.76604444, -0.64278761,  0.        , -0.05      ],\n",
      "       [ 0.64278761,  0.76604444,  0.        , -1.        ],\n",
      "       [ 0.        ,  0.        ,  1.        ,  0.25      ],\n",
      "       [ 0.        ,  0.        ,  0.        ,  1.        ]]), array([[ 0.76604444, -0.64278761,  0.        , -0.05      ],\n",
      "       [ 0.64278761,  0.76604444,  0.        , -1.        ],\n",
      "       [ 0.        ,  0.        ,  1.        ,  0.25      ],\n",
      "       [ 0.        ,  0.        ,  0.        ,  1.        ]]), array([[ 0.76604444, -0.64278761,  0.        , -0.05      ],\n",
      "       [ 0.64278761,  0.76604444,  0.        , -1.        ],\n",
      "       [ 0.        ,  0.        ,  1.        ,  0.25      ],\n",
      "       [ 0.        ,  0.        ,  0.        ,  1.        ]]), array([[ 0.76604444, -0.64278761,  0.        , -0.05      ],\n",
      "       [ 0.64278761,  0.76604444,  0.        , -1.        ],\n",
      "       [ 0.        ,  0.        ,  1.        ,  0.25      ],\n",
      "       [ 0.        ,  0.        ,  0.        ,  1.        ]]), array([[ 0.76604444, -0.64278761,  0.        , -0.05      ],\n",
      "       [ 0.64278761,  0.76604444,  0.        , -1.        ],\n",
      "       [ 0.        ,  0.        ,  1.        ,  0.25      ],\n",
      "       [ 0.        ,  0.        ,  0.        ,  1.        ]])]\n",
      "[[ 0.76604444  0.64278761  0.         -0.05      ]\n",
      " [-0.64278761  0.76604444 -0.          1.        ]\n",
      " [-0.          0.          1.          0.25      ]\n",
      " [ 0.          0.          0.          1.        ]]\n",
      "1\n",
      "seq: [1 2] \n",
      " tT[0][seqk[0]]:\n",
      " [[ 0.76604444 -0.64278761  0.         -0.05      ]\n",
      " [ 0.64278761  0.76604444  0.         -1.        ]\n",
      " [ 0.          0.          1.          0.25      ]\n",
      " [ 0.          0.          0.          1.        ]] \n",
      "tT[seqk[0]][seqk[1]]:\n",
      " [[ 0.17364818  0.98480775  0.          1.28557522]\n",
      " [-0.98480775  0.17364818 -0.          1.53208889]\n",
      " [ 0.          0.          1.          0.        ]\n",
      " [ 0.          0.          0.          1.        ]] \n",
      "Tp:\n",
      " [[ 0.76604444  0.64278761  0.         -0.05      ]\n",
      " [-0.64278761  0.76604444  0.          1.        ]\n",
      " [ 0.          0.          1.          0.25      ]\n",
      " [ 0.          0.          0.          1.        ]]\n",
      "seq: [0, 3, 1, 2] \n",
      " tT[0][seqk[0]]:\n",
      " [[1. 0. 0. 0.]\n",
      " [0. 1. 0. 0.]\n",
      " [0. 0. 1. 0.]\n",
      " [0. 0. 0. 1.]] \n",
      "tT[seqk[0]][seqk[1]]:\n",
      " [[ 1.    0.    0.   -0.02]\n",
      " [ 0.    1.    0.    0.  ]\n",
      " [ 0.    0.    1.    0.05]\n",
      " [ 0.    0.    0.    1.  ]] \n",
      "Tp:\n",
      " [[ 0.76604444  0.64278761  0.         -0.05      ]\n",
      " [-0.64278761  0.76604444  0.          1.        ]\n",
      " [ 0.          0.          1.          0.25      ]\n",
      " [ 0.          0.          0.          1.        ]]\n",
      "2\n",
      "seq: [3 2] \n",
      " tT[0][seqk[0]]:\n",
      " [[ 1.    0.    0.   -0.02]\n",
      " [ 0.    1.    0.    0.  ]\n",
      " [ 0.    0.    1.    0.05]\n",
      " [ 0.    0.    0.    1.  ]] \n",
      "tT[seqk[0]][seqk[1]]:\n",
      " [[ 0.76604444  0.64278761  0.         -0.03      ]\n",
      " [-0.64278761  0.76604444  0.          1.        ]\n",
      " [ 0.          0.          1.          0.2       ]\n",
      " [ 0.          0.          0.          1.        ]] \n",
      "Tp:\n",
      " [[ 0.76604444  0.64278761  0.         -0.05      ]\n",
      " [-0.64278761  0.76604444  0.          1.        ]\n",
      " [ 0.          0.          1.          0.25      ]\n",
      " [ 0.          0.          0.          1.        ]]\n",
      "seq: [0, 1, 3, 2] \n",
      " tT[0][seqk[0]]:\n",
      " [[1. 0. 0. 0.]\n",
      " [0. 1. 0. 0.]\n",
      " [0. 0. 1. 0.]\n",
      " [0. 0. 0. 1.]] \n",
      "tT[seqk[0]][seqk[1]]:\n",
      " [[ 0.76604444 -0.64278761  0.         -0.05      ]\n",
      " [ 0.64278761  0.76604444  0.         -1.        ]\n",
      " [ 0.          0.          1.          0.25      ]\n",
      " [ 0.          0.          0.          1.        ]] \n",
      "Tp:\n",
      " [[ 0.76604444  0.64278761  0.         -0.05      ]\n",
      " [-0.64278761  0.76604444  0.          1.        ]\n",
      " [ 0.          0.          1.          0.25      ]\n",
      " [ 0.          0.          0.          1.        ]]\n",
      "[array([[ 0.76604444,  0.64278761,  0.        , -0.05      ],\n",
      "       [-0.64278761,  0.76604444, -0.        ,  1.        ],\n",
      "       [-0.        ,  0.        ,  1.        ,  0.25      ],\n",
      "       [ 0.        ,  0.        ,  0.        ,  1.        ]]), array([[ 0.76604444,  0.64278761,  0.        , -0.05      ],\n",
      "       [-0.64278761,  0.76604444,  0.        ,  1.        ],\n",
      "       [ 0.        ,  0.        ,  1.        ,  0.25      ],\n",
      "       [ 0.        ,  0.        ,  0.        ,  1.        ]]), array([[ 0.76604444,  0.64278761,  0.        , -0.05      ],\n",
      "       [-0.64278761,  0.76604444,  0.        ,  1.        ],\n",
      "       [ 0.        ,  0.        ,  1.        ,  0.25      ],\n",
      "       [ 0.        ,  0.        ,  0.        ,  1.        ]]), array([[ 0.76604444,  0.64278761,  0.        , -0.05      ],\n",
      "       [-0.64278761,  0.76604444,  0.        ,  1.        ],\n",
      "       [ 0.        ,  0.        ,  1.        ,  0.25      ],\n",
      "       [ 0.        ,  0.        ,  0.        ,  1.        ]]), array([[ 0.76604444,  0.64278761,  0.        , -0.05      ],\n",
      "       [-0.64278761,  0.76604444,  0.        ,  1.        ],\n",
      "       [ 0.        ,  0.        ,  1.        ,  0.25      ],\n",
      "       [ 0.        ,  0.        ,  0.        ,  1.        ]])]\n",
      "[[ 1.    0.    0.   -0.02]\n",
      " [ 0.    1.    0.    0.  ]\n",
      " [ 0.    0.    1.    0.05]\n",
      " [ 0.    0.    0.    1.  ]]\n",
      "1\n",
      "seq: [1 3] \n",
      " tT[0][seqk[0]]:\n",
      " [[ 0.76604444 -0.64278761  0.         -0.05      ]\n",
      " [ 0.64278761  0.76604444  0.         -1.        ]\n",
      " [ 0.          0.          1.          0.25      ]\n",
      " [ 0.          0.          0.          1.        ]] \n",
      "tT[seqk[0]][seqk[1]]:\n",
      " [[ 0.76604444  0.64278761  0.          0.66576894]\n",
      " [-0.64278761  0.76604444  0.          0.74676081]\n",
      " [ 0.          0.          1.         -0.2       ]\n",
      " [ 0.          0.          0.          1.        ]] \n",
      "Tp:\n",
      " [[ 1.00000000e+00  0.00000000e+00  0.00000000e+00 -2.00000000e-02]\n",
      " [ 1.11022302e-16  1.00000000e+00  0.00000000e+00 -1.11022302e-16]\n",
      " [ 0.00000000e+00  0.00000000e+00  1.00000000e+00  5.00000000e-02]\n",
      " [ 0.00000000e+00  0.00000000e+00  0.00000000e+00  1.00000000e+00]]\n",
      "seq: [0, 2, 1, 3] \n",
      " tT[0][seqk[0]]:\n",
      " [[1. 0. 0. 0.]\n",
      " [0. 1. 0. 0.]\n",
      " [0. 0. 1. 0.]\n",
      " [0. 0. 0. 1.]] \n",
      "tT[seqk[0]][seqk[1]]:\n",
      " [[ 0.76604444  0.64278761  0.         -0.05      ]\n",
      " [-0.64278761  0.76604444 -0.          1.        ]\n",
      " [-0.          0.          1.          0.25      ]\n",
      " [ 0.          0.          0.          1.        ]] \n",
      "Tp:\n",
      " [[ 1.00000000e+00  0.00000000e+00  0.00000000e+00 -2.00000000e-02]\n",
      " [-5.55111512e-17  1.00000000e+00  0.00000000e+00 -2.22044605e-16]\n",
      " [ 0.00000000e+00  0.00000000e+00  1.00000000e+00  5.00000000e-02]\n",
      " [ 0.00000000e+00  0.00000000e+00  0.00000000e+00  1.00000000e+00]]\n",
      "2\n",
      "seq: [2 3] \n",
      " tT[0][seqk[0]]:\n",
      " [[ 0.76604444  0.64278761  0.         -0.05      ]\n",
      " [-0.64278761  0.76604444 -0.          1.        ]\n",
      " [-0.          0.          1.          0.25      ]\n",
      " [ 0.          0.          0.          1.        ]] \n",
      "tT[seqk[0]][seqk[1]]:\n",
      " [[ 0.76604444 -0.64278761  0.          0.66576894]\n",
      " [ 0.64278761  0.76604444  0.         -0.74676081]\n",
      " [ 0.          0.          1.         -0.2       ]\n",
      " [ 0.          0.          0.          1.        ]] \n",
      "Tp:\n",
      " [[ 1.00000000e+00  0.00000000e+00  0.00000000e+00 -2.00000000e-02]\n",
      " [-1.11022302e-16  1.00000000e+00  0.00000000e+00  1.11022302e-16]\n",
      " [ 0.00000000e+00  0.00000000e+00  1.00000000e+00  5.00000000e-02]\n",
      " [ 0.00000000e+00  0.00000000e+00  0.00000000e+00  1.00000000e+00]]\n",
      "seq: [0, 1, 2, 3] \n",
      " tT[0][seqk[0]]:\n",
      " [[1. 0. 0. 0.]\n",
      " [0. 1. 0. 0.]\n",
      " [0. 0. 1. 0.]\n",
      " [0. 0. 0. 1.]] \n",
      "tT[seqk[0]][seqk[1]]:\n",
      " [[ 0.76604444 -0.64278761  0.         -0.05      ]\n",
      " [ 0.64278761  0.76604444  0.         -1.        ]\n",
      " [ 0.          0.          1.          0.25      ]\n",
      " [ 0.          0.          0.          1.        ]] \n",
      "Tp:\n",
      " [[ 1.00000000e+00  0.00000000e+00  0.00000000e+00 -2.00000000e-02]\n",
      " [-1.11022302e-16  1.00000000e+00  0.00000000e+00  4.44089210e-16]\n",
      " [ 0.00000000e+00  0.00000000e+00  1.00000000e+00  5.00000000e-02]\n",
      " [ 0.00000000e+00  0.00000000e+00  0.00000000e+00  1.00000000e+00]]\n",
      "[array([[ 1.  ,  0.  ,  0.  , -0.02],\n",
      "       [ 0.  ,  1.  ,  0.  ,  0.  ],\n",
      "       [ 0.  ,  0.  ,  1.  ,  0.05],\n",
      "       [ 0.  ,  0.  ,  0.  ,  1.  ]]), array([[ 1.00000000e+00,  0.00000000e+00,  0.00000000e+00,\n",
      "        -2.00000000e-02],\n",
      "       [ 1.11022302e-16,  1.00000000e+00,  0.00000000e+00,\n",
      "        -1.11022302e-16],\n",
      "       [ 0.00000000e+00,  0.00000000e+00,  1.00000000e+00,\n",
      "         5.00000000e-02],\n",
      "       [ 0.00000000e+00,  0.00000000e+00,  0.00000000e+00,\n",
      "         1.00000000e+00]]), array([[ 1.00000000e+00,  0.00000000e+00,  0.00000000e+00,\n",
      "        -2.00000000e-02],\n",
      "       [-5.55111512e-17,  1.00000000e+00,  0.00000000e+00,\n",
      "        -2.22044605e-16],\n",
      "       [ 0.00000000e+00,  0.00000000e+00,  1.00000000e+00,\n",
      "         5.00000000e-02],\n",
      "       [ 0.00000000e+00,  0.00000000e+00,  0.00000000e+00,\n",
      "         1.00000000e+00]]), array([[ 1.00000000e+00,  0.00000000e+00,  0.00000000e+00,\n",
      "        -2.00000000e-02],\n",
      "       [-1.11022302e-16,  1.00000000e+00,  0.00000000e+00,\n",
      "         1.11022302e-16],\n",
      "       [ 0.00000000e+00,  0.00000000e+00,  1.00000000e+00,\n",
      "         5.00000000e-02],\n",
      "       [ 0.00000000e+00,  0.00000000e+00,  0.00000000e+00,\n",
      "         1.00000000e+00]]), array([[ 1.00000000e+00,  0.00000000e+00,  0.00000000e+00,\n",
      "        -2.00000000e-02],\n",
      "       [-1.11022302e-16,  1.00000000e+00,  0.00000000e+00,\n",
      "         4.44089210e-16],\n",
      "       [ 0.00000000e+00,  0.00000000e+00,  1.00000000e+00,\n",
      "         5.00000000e-02],\n",
      "       [ 0.00000000e+00,  0.00000000e+00,  0.00000000e+00,\n",
      "         1.00000000e+00]])]\n",
      "ht matrix: \n",
      " [[ 0.76604444 -0.64278761  0.         -0.05      ]\n",
      " [ 0.64278761  0.76604444  0.         -1.        ]\n",
      " [ 0.          0.          1.          0.25      ]\n",
      " [ 0.          0.          0.          1.        ]] \n",
      " Direct matrix ( 0 , 1 ): \n",
      " [[ 0.76604444 -0.64278761  0.         -0.05      ]\n",
      " [ 0.64278761  0.76604444  0.         -1.        ]\n",
      " [ 0.          0.          1.          0.25      ]\n",
      " [ 0.          0.          0.          1.        ]]\n",
      "ht matrix: \n",
      " [[ 0.76604444  0.64278761  0.         -0.05      ]\n",
      " [-0.64278761  0.76604444  0.          1.        ]\n",
      " [ 0.          0.          1.          0.25      ]\n",
      " [ 0.          0.          0.          1.        ]] \n",
      " Direct matrix ( 0 , 2 ): \n",
      " [[ 0.76604444  0.64278761  0.         -0.05      ]\n",
      " [-0.64278761  0.76604444 -0.          1.        ]\n",
      " [-0.          0.          1.          0.25      ]\n",
      " [ 0.          0.          0.          1.        ]]\n",
      "ht matrix: \n",
      " [[ 1.00000000e+00 -1.85037171e-17  0.00000000e+00 -2.00000000e-02]\n",
      " [ 1.85037171e-17  1.00000000e+00  0.00000000e+00 -1.11022302e-16]\n",
      " [ 0.00000000e+00  0.00000000e+00  1.00000000e+00  5.00000000e-02]\n",
      " [ 0.00000000e+00  0.00000000e+00  0.00000000e+00  1.00000000e+00]] \n",
      " Direct matrix ( 0 , 3 ): \n",
      " [[ 1.    0.    0.   -0.02]\n",
      " [ 0.    1.    0.    0.  ]\n",
      " [ 0.    0.    1.    0.05]\n",
      " [ 0.    0.    0.    1.  ]]\n"
     ]
    }
   ],
   "source": [
    "# def MultiPairWiseCalibration\n",
    "N=4\n",
    "Tp=[]\n",
    "ht=[]\n",
    "for m in range(1,N):\n",
    "#     print(m)\n",
    "    Tp=[]\n",
    "    Tp.append(T[0][m])\n",
    "    print(T[0][m])\n",
    "    for k in range(1,N-1):\n",
    "        print(k)\n",
    "        Tp.append(DerivedTransformationSimples(T,m,k,N))\n",
    "        Tp.append(DerivedTransformation(T,0,m,k,3,N))\n",
    "    print(Tp)\n",
    "\n",
    "    ht.append(MeanTransformation(Tp))\n",
    "# print (ht)\n",
    "\n",
    "for i in range(0,3):\n",
    "    print( \"ht matrix: \\n\", ht[i],\"\\n Direct matrix (\",0,\",\",i+1,\"): \\n\",T[0][i+1])\n",
    "\n",
    "# for i in range(0,len(ht)):\n",
    "#     m = objectPoints[0].shape[1]\n",
    "#     src = np.ones((m+1,objectPoints[0].shape[0]))\n",
    "#     dst_ht = np.ones((m+1,objectPoints[0].shape[0]))\n",
    "#     src[:m,:] = np.copy(objectPoints[0].T)\n",
    "#     dst_normal=np.ones((m+1,objectPoints[0].shape[0]))\n",
    "#     dst_normal[:m,:]=np.copy(objectPoints[i+1].T)\n",
    "# #     dst[:m,:] = np.copy(B.T)\n",
    "#     dst_ht=np.dot(ht[i], src)\n",
    "# #     print(src,dst)\n",
    "#     distances, indices = nearest_neighbor(dst_normal[:m,:].T, dst_ht[:m,:].T)\n",
    "#     distances_2,indices  = nearest_neighbor(dst_ht[:m,:].T, dst_normal[:m,:].T)\n",
    "#     print(\"From 0 to\", i+1, \":\",np.mean(distances), \",\",np.mean(distances_2), \"Normal distance :\", distances_vec[0][i+1])"
   ]
  },
  {
   "cell_type": "code",
   "execution_count": null,
   "metadata": {},
   "outputs": [],
   "source": []
  },
  {
   "cell_type": "code",
   "execution_count": null,
   "metadata": {},
   "outputs": [],
   "source": []
  },
  {
   "cell_type": "code",
   "execution_count": null,
   "metadata": {},
   "outputs": [],
   "source": []
  }
 ],
 "metadata": {
  "kernelspec": {
   "display_name": "Python 3",
   "language": "python",
   "name": "python3"
  },
  "language_info": {
   "codemirror_mode": {
    "name": "ipython",
    "version": 3
   },
   "file_extension": ".py",
   "mimetype": "text/x-python",
   "name": "python",
   "nbconvert_exporter": "python",
   "pygments_lexer": "ipython3",
   "version": "3.7.9"
  }
 },
 "nbformat": 4,
 "nbformat_minor": 4
}
